84629
84628
84784
84782
84783
84780
84781
84621
84620
84623
84622
84624
84627
84626
84308
84309
84719
84718
84715
84714
84716
84306
84710
84304
84305
84535
84534
84537
84536
84531
84530
84533
84532
84539
84540
84542
84122
84123
84120
84121
84126
84127
84124
84125
84128
84751
84750
84753
84752
84755
84754
84757
84756
84759
84758
84058
84190
84056
84057
84054
84055
84052
84053
84199
84051
84302
84301
84711
84307
84713
84712
84405
84404
84407
84401
84403
84402
84409
84408
84779
84078
84772
84013
84010
84011
84016
84017
84014
84015
84018
84158
84152
84151
84150
84157
84638
84639
84632
84633
84630
84631
84636
84637
84634
84635
84337
84336
84335
84334
84333
84332
84331
84330
84143
84339
84338
84701
84526
84525
84522
84523
84520
84521
84148
84528
84529
84201
84119
84118
84117
84116
84115
84114
84113
84112
84111
84110
84742
84743
84740
84741
84746
84747
84744
84745
84749
84180
84069
84068
84184
84063
84189
84061
84060
84067
84066
84065
84064
84643
84642
84640
84647
84646
84645
84644
84649
84648
84244
84414
84415
84412
84144
84145
84147
84141
84029
84028
84027
84026
84025
84024
84023
84022
84021
84020
84320
84321
84322
84323
84324
84325
84326
84327
84328
84329
84739
84738
84733
84732
84731
84730
84737
84736
84735
84734
84513
84512
84511
84510
84516
84515
84518
84062
84606
84605
84604
84603
84602
84601
84108
84109
84101
84102
84103
84104
84105
84106
84107
84089
84088
84081
84080
84083
84082
84085
84084
84087
84086
84074
84075
84076
84070
84071
84072
84073
84776
84775
84774
84773
84079
84771
84770
84171
84170
84791
84790
84654
84655
84656
84657
84651
84652
84653
84319
84318
84311
84310
84313
84312
84315
84314
84317
84316
84131
84039
84133
84132
84134
84136
84139
84138
84032
84033
84034
84035
84036
84037
84724
84725
84726
84720
84721
84722
84723
84728
84729
84049
84045
84044
84047
84046
84041
84040
84043
84042
84665
84664
84667
84660
84663
84662
84501
84340
84341
84059
84050
84008
84038
84098
84130
84092
84093
84090
84091
84096
84097
84094
84095
84001
84003
84002
84005
84004
84007
84006
84760
84761
84762
84763
84764
84765
84766
84767
84031
84165
