zcta	year	panp	ph	pop	change_panp	change_ph	change_pop
84629	1998	0	0	2143	0	0	0
84628	1998	0	0	793	0	0	0
84782	1998	0	0	724	0	0	0
84783	1998	0	0	648	0	0	0
84780	1998	0	0	8641	0	0	0
84781	1998	0	0	75	0	0	0
84621	1998	0	0	203	0	0	0
84620	1998	0	0	930	0	0	0
84623	1998	0	0	178	0	0	0
84622	1998	0	0	1155	0	0	0
84624	1998	1	3	5679	0	0	0
84627	1998	1	1	4724	0	0	0
84626	1998	0	0	288	0	0	0
84013	1998	0	0	901	0	0	0
84010	1998	14	46	43685	0	0	0
84017	1998	2	1	3132	0	0	0
84014	1998	0	1	14578	0	0	0
84015	1998	2	1	44931	0	0	0
84018	1998	0	0	134	0	0	0
860HH	1998	0	0	0	0	0	0
84309	1998	0	0	549	0	0	0
84719	1998	1	0	121	0	0	0
84718	1998	0	0	164	0	0	0
84302	1998	2	11	20976	0	0	0
84714	1998	0	0	844	0	0	0
84717	1998	0	0	41	0	0	0
84301	1998	0	0	484	0	0	0
84306	1998	0	0	215	0	0	0
84307	1998	1	0	1248	0	0	0
84304	1998	0	0	43	0	0	0
84305	1998	0	0	730	0	0	0
84759	1998	3	0	2054	0	0	0
84534	1998	0	1	1844	0	0	0
84537	1998	0	0	1318	0	0	0
84639	1998	0	0	812	0	0	0
84531	1998	0	0	661	0	0	0
84530	1998	0	0	140	0	0	0
84533	1998	1	0	134	0	0	0
84532	1998	5	4	8506	0	0	0
84632	1998	0	0	1045	0	0	0
84633	1998	0	0	959	0	0	0
84630	1998	0	0	239	0	0	0
84631	1998	0	2	3523	0	0	0
84539	1998	0	0	408	0	0	0
84637	1998	0	0	84	0	0	0
84634	1998	2	5	2536	0	0	0
84635	1998	0	0	864	0	0	0
841XX	1998	0	0	0	0	0	0
84337	1998	2	4	8945	0	0	0
84336	1998	0	0	380	0	0	0
84335	1998	1	3	8364	0	0	0
84334	1998	0	0	145	0	0	0
84333	1998	0	0	2031	0	0	0
84332	1998	1	1	4536	0	0	0
84029	1998	1	0	6686	0	0	0
84028	1998	0	0	501	0	0	0
84027	1998	0	1	335	0	0	0
84026	1998	1	1	1152	0	0	0
84025	1998	6	2	12270	0	0	0
84024	1998	0	0	73	0	0	0
84023	1998	0	0	231	0	0	0
84022	1998	0	1	2187	0	0	0
84021	1998	1	0	2723	0	0	0
84338	1998	0	0	490	0	0	0
84540	1998	0	0	92	0	0	0
84542	1998	0	0	1830	0	0	0
84101	1998	3	1	3262	0	0	0
84701	1998	4	4	7558	0	0	0
84526	1998	0	0	3909	0	0	0
840XX	1998	0	0	104	0	0	0
84525	1998	0	0	1160	0	0	0
84522	1998	0	0	355	0	0	0
84523	1998	1	1	1690	0	0	0
84520	1998	2	0	1398	0	0	0
84521	1998	0	0	897	0	0	0
84103	1998	26	72	21657	0	0	0
845HH	1998	0	0	0	0	0	0
84098	1998	6	8	13324	0	0	0
84528	1998	0	0	2742	0	0	0
84529	1998	0	0	195	0	0	0
84339	1998	0	0	4479	0	0	0
84020	1998	3	6	25660	0	0	0
84038	1998	0	0	317	0	0	0
84321	1998	6	32	38114	0	0	0
84324	1998	0	0	805	0	0	0
84325	1998	0	0	1252	0	0	0
84326	1998	0	0	1092	0	0	0
84327	1998	0	0	847	0	0	0
84328	1998	0	0	1234	0	0	0
84329	1998	0	0	270	0	0	0
84032	1998	4	2	11500	0	0	0
84033	1998	0	0	931	0	0	0
84034	1998	0	0	128	0	0	0
84035	1998	0	0	727	0	0	0
84036	1998	1	0	3887	0	0	0
84037	1998	0	9	25370	0	0	0
84404	1998	9	7	45136	0	0	0
84092	1998	4	5	30219	0	0	0
84739	1998	0	0	485	0	0	0
84738	1998	0	1	4325	0	0	0
84093	1998	2	7	25324	0	0	0
84733	1998	0	0	253	0	0	0
84732	1998	0	0	67	0	0	0
84731	1998	0	0	167	0	0	0
84730	1998	0	0	478	0	0	0
84737	1998	2	2	12473	0	0	0
84736	1998	0	0	217	0	0	0
84735	1998	1	0	177	0	0	0
84734	1998	0	0	250	0	0	0
84513	1998	3	1	1880	0	0	0
84512	1998	0	0	1196	0	0	0
84511	1998	1	0	4444	0	0	0
84510	1998	0	0	922	0	0	0
84516	1998	0	0	343	0	0	0
84773	1998	0	0	300	0	0	0
84518	1998	0	0	647	0	0	0
84651	1998	9	16	17735	0	0	0
84094	1998	7	42	28234	0	0	0
84095	1998	0	2	29815	0	0	0
84083	1998	0	0	1604	0	0	0
84724	1998	0	0	802	0	0	0
84725	1998	1	0	1472	0	0	0
84120	1998	8	25	44979	0	0	0
84121	1998	13	24	42954	0	0	0
84720	1998	10	10	29204	0	0	0
84119	1998	16	28	47800	0	0	0
84124	1998	27	92	21147	0	0	0
84723	1998	0	0	535	0	0	0
84128	1998	0	0	20620	0	0	0
84728	1998	0	0	201	0	0	0
84729	1998	0	0	358	0	0	0
84606	1998	4	4	28979	0	0	0
84604	1998	20	94	48492	0	0	0
84049	1998	0	0	2899	0	0	0
844HH	1998	0	0	0	0	0	0
84601	1998	7	20	27299	0	0	0
84116	1998	4	4	31780	0	0	0
841HH	1998	0	0	0	0	0	0
84044	1998	5	3	22823	0	0	0
84047	1998	9	15	28337	0	0	0
84046	1998	0	0	690	0	0	0
84041	1998	14	52	37134	0	0	0
84040	1998	4	1	23178	0	0	0
84043	1998	0	0	23586	0	0	0
84042	1998	0	0	8367	0	0	0
84664	1998	0	1	5800	0	0	0
84667	1998	0	0	319	0	0	0
84660	1998	3	9	23187	0	0	0
84663	1998	4	3	21436	0	0	0
84662	1998	0	0	1235	0	0	0
84501	1998	5	14	12682	0	0	0
84712	1998	0	0	132	0	0	0
84401	1998	7	13	28014	0	0	0
86044	1998	0	0	0	0	0	0
84646	1998	0	0	1561	0	0	0
84751	1998	0	1	1525	0	0	0
84750	1998	0	0	467	0	0	0
84753	1998	0	0	87	0	0	0
84752	1998	0	0	815	0	0	0
84755	1998	0	0	116	0	0	0
84754	1998	0	0	3519	0	0	0
84757	1998	0	0	875	0	0	0
84118	1998	10	10	64537	0	0	0
84117	1998	11	28	23972	0	0	0
84758	1998	0	0	533	0	0	0
84115	1998	11	10	24380	0	0	0
84113	1998	31	59	0	0	0	0
84112	1998	12	21	1648	0	0	0
84111	1998	13	14	10667	0	0	0
84716	1998	0	0	380	0	0	0
84340	1998	1	0	2308	0	0	0
84341	1998	5	28	16236	0	0	0
84056	1998	3	5	4785	0	0	0
84057	1998	6	17	35449	0	0	0
84054	1998	1	0	8751	0	0	0
84055	1998	0	0	564	0	0	0
84052	1998	0	0	1225	0	0	0
84053	1998	0	0	609	0	0	0
84050	1998	1	1	6995	0	0	0
84051	1998	0	2	266	0	0	0
84082	1998	1	0	707	0	0	0
84058	1998	4	8	28251	0	0	0
84403	1998	18	102	34976	0	0	0
840HH	1998	0	0	0	0	0	0
84726	1998	0	0	971	0	0	0
84084	1998	2	2	44151	0	0	0
84715	1998	0	0	373	0	0	0
84087	1998	0	0	9901	0	0	0
84123	1998	6	4	36943	0	0	0
84004	1998	0	3	7576	0	0	0
84108	1998	7	24	21239	0	0	0
84109	1998	10	11	24029	0	0	0
84740	1998	0	0	100	0	0	0
84741	1998	1	1	4777	0	0	0
84747	1998	0	0	943	0	0	0
84744	1998	0	0	294	0	0	0
84745	1998	0	0	3396	0	0	0
84711	1998	0	1	479	0	0	0
84102	1998	19	143	17424	0	0	0
84749	1998	0	0	217	0	0	0
84104	1998	8	3	22526	0	0	0
84105	1998	9	20	22363	0	0	0
84106	1998	7	6	32945	0	0	0
84107	1998	17	117	30769	0	0	0
84180	1998	0	1	0	0	0	0
84722	1998	0	0	489	0	0	0
84069	1998	0	0	472	0	0	0
84713	1998	3	1	3531	0	0	0
84063	1998	0	0	500	0	0	0
84062	1998	3	5	27106	0	0	0
84061	1998	0	0	535	0	0	0
84060	1998	3	8	7308	0	0	0
84067	1998	3	7	34657	0	0	0
84066	1998	3	6	8693	0	0	0
84065	1998	4	0	33277	0	0	0
84064	1998	1	2	764	0	0	0
84405	1998	12	33	25301	0	0	0
84642	1998	0	0	3567	0	0	0
84640	1998	0	0	148	0	0	0
84647	1998	1	0	3349	0	0	0
86514	1998	0	0	0	0	0	0
84645	1998	0	0	1417	0	0	0
846HH	1998	0	0	0	0	0	0
84080	1998	0	0	291	0	0	0
84649	1998	0	0	801	0	0	0
84648	1998	3	5	4947	0	0	0
84085	1998	0	0	526	0	0	0
84638	1998	0	0	225	0	0	0
847XX	1998	0	0	69	0	0	0
84086	1998	0	0	369	0	0	0
84536	1998	1	0	0	0	0	0
84766	1998	0	0	157	0	0	0
84316	1998	0	0	208	0	0	0
843XX	1998	0	0	0	0	0	0
84074	1998	7	6	28843	0	0	0
84075	1998	0	1	10405	0	0	0
84076	1998	0	0	372	0	0	0
84070	1998	1	5	23134	0	0	0
84071	1998	0	0	521	0	0	0
84072	1998	0	0	341	0	0	0
846XX	1998	0	0	283	0	0	0
84776	1998	0	0	514	0	0	0
84775	1998	0	0	426	0	0	0
84774	1998	0	0	349	0	0	0
84078	1998	5	12	19591	0	0	0
84772	1998	0	0	191	0	0	0
84770	1998	6	38	30596	0	0	0
843HH	1998	0	0	0	0	0	0
84535	1998	1	0	2689	0	0	0
84320	1998	0	0	2475	0	0	0
84414	1998	3	7	20891	0	0	0
84790	1998	8	11	20939	0	0	0
84039	1998	0	0	698	0	0	0
84654	1998	1	0	2732	0	0	0
84655	1998	0	0	6310	0	0	0
84656	1998	0	0	308	0	0	0
84657	1998	0	1	493	0	0	0
84650	1998	0	0	90	0	0	0
84097	1998	3	2	20844	0	0	0
84652	1998	0	0	915	0	0	0
84653	1998	1	1	5451	0	0	0
84088	1998	14	29	39042	0	0	0
84643	1998	0	0	569	0	0	0
84319	1998	0	2	6753	0	0	0
84636	1998	0	0	444	0	0	0
84001	1998	0	0	775	0	0	0
84003	1998	13	25	30441	0	0	0
84002	1998	0	0	110	0	0	0
84710	1998	0	0	168	0	0	0
84779	1998	0	0	626	0	0	0
84007	1998	0	1	512	0	0	0
84006	1998	0	0	726	0	0	0
84760	1998	0	0	652	0	0	0
84761	1998	2	1	2680	0	0	0
84762	1998	0	0	94	0	0	0
84073	1998	0	0	256	0	0	0
84764	1998	0	0	85	0	0	0
84765	1998	0	0	4473	0	0	0
847HH	1998	0	0	0	0	0	0
84331	1998	0	0	312	0	0	0
84318	1998	0	0	2715	0	0	0
84330	1998	0	0	385	0	0	0
84031	1998	0	0	193	0	0	0
84311	1998	0	0	697	0	0	0
84310	1998	0	2	3126	0	0	0
84313	1998	0	1	121	0	0	0
84312	1998	1	1	3509	0	0	0
84315	1998	0	0	6290	0	0	0
84314	1998	0	0	1188	0	0	0
84317	1998	0	0	2148	0	0	0
84743	1998	0	0	202	0	0	0
