zip	year	np	pa	ph	panp	pop	change_ph	change_panp	change_pop
84629	1998	0	0	0	0	2051	0	0	0
84628	1998	0	0	0	0	600	0	0	0
84784	1998	3	0	0	3	0	0	0	0
84782	1998	0	0	0	0	510	0	0	0
84783	1998	0	0	0	0	376	0	0	0
84780	1998	0	0	0	0	4134	0	0	0
84781	1998	0	0	0	0	31	0	0	0
84621	1998	0	0	0	0	167	0	0	0
84620	1998	0	0	0	0	0	0	0	0
84623	1998	0	0	0	0	0	0	0	0
84622	1998	0	0	0	0	945	0	0	0
84624	1998	1	0	3	1	6076	0	0	0
84627	1998	0	1	1	1	3492	0	0	0
84626	1998	0	0	0	0	0	0	0	0
84308	1998	0	0	0	0	250	0	0	0
84309	1998	0	0	0	0	380	0	0	0
84719	1998	1	0	0	1	111	0	0	0
84718	1998	0	0	0	0	0	0	0	0
84715	1998	0	0	0	0	0	0	0	0
84714	1998	0	0	0	0	12	0	0	0
84716	1998	0	0	0	0	131	0	0	0
84306	1998	0	0	0	0	537	0	0	0
84710	1998	0	0	0	0	159	0	0	0
84304	1998	0	0	0	0	0	0	0	0
84305	1998	0	0	0	0	665	0	0	0
84535	1998	1	0	0	1	2529	0	0	0
84534	1998	0	0	1	0	0	0	0	0
84537	1998	0	0	0	0	0	0	0	0
84536	1998	0	1	0	1	1411	0	0	0
84531	1998	0	0	0	0	647	0	0	0
84530	1998	0	0	0	0	0	0	0	0
84533	1998	0	1	0	1	125	0	0	0
84532	1998	5	0	4	5	6338	0	0	0
84539	1998	0	0	0	0	0	0	0	0
84540	1998	0	0	0	0	208	0	0	0
84542	1998	0	0	0	0	1938	0	0	0
84122	1998	0	0	0	0	0	0	0	0
84123	1998	6	0	4	6	29167	0	0	0
84120	1998	7	1	25	8	37983	0	0	0
84121	1998	10	3	24	13	39958	0	0	0
84126	1998	0	0	0	0	0	0	0	0
84127	1998	0	0	0	0	0	0	0	0
84124	1998	19	8	92	27	20666	0	0	0
84125	1998	0	1	0	1	0	0	0	0
84128	1998	0	0	0	0	15510	0	0	0
84751	1998	0	0	1	0	2089	0	0	0
84750	1998	0	0	0	0	452	0	0	0
84753	1998	0	0	0	0	0	0	0	0
84752	1998	0	0	0	0	0	0	0	0
84755	1998	0	0	0	0	11	0	0	0
84754	1998	0	0	0	0	2995	0	0	0
84757	1998	0	0	0	0	114	0	0	0
84756	1998	0	0	0	0	767	0	0	0
84759	1998	2	1	0	3	1797	0	0	0
84758	1998	0	0	0	0	538	0	0	0
84058	1998	2	2	8	4	21834	0	0	0
84190	1998	1	0	1	1	0	0	0	0
84056	1998	1	2	5	3	5304	0	0	0
84057	1998	2	4	17	6	27200	0	0	0
84054	1998	1	0	0	1	6442	0	0	0
84055	1998	0	0	0	0	0	0	0	0
84052	1998	0	0	0	0	938	0	0	0
84053	1998	0	0	0	0	810	0	0	0
84199	1998	0	0	0	0	0	0	0	0
84051	1998	0	0	2	0	231	0	0	0
84302	1998	2	0	11	2	17529	0	0	0
84301	1998	0	0	0	0	0	0	0	0
84711	1998	0	0	1	0	0	0	0	0
84307	1998	1	0	0	1	974	0	0	0
84713	1998	2	1	1	3	2560	0	0	0
84712	1998	0	0	0	0	90	0	0	0
84405	1998	6	6	33	12	21666	0	0	0
84404	1998	6	3	7	9	37266	0	0	0
84407	1998	0	0	1	0	0	0	0	0
84401	1998	7	0	13	7	23306	0	0	0
84403	1998	16	2	102	18	28591	0	0	0
84402	1998	0	0	1	0	0	0	0	0
84409	1998	0	0	10	0	0	0	0	0
84408	1998	1	0	1	1	515	0	0	0
84779	1998	0	0	0	0	0	0	0	0
84078	1998	5	0	12	5	17509	0	0	0
84772	1998	0	0	0	0	207	0	0	0
84013	1998	0	0	0	0	1644	0	0	0
84010	1998	11	3	46	14	41734	0	0	0
84011	1998	0	0	0	0	0	0	0	0
84016	1998	0	1	0	1	0	0	0	0
84017	1998	1	1	1	2	3217	0	0	0
84014	1998	0	0	1	0	11401	0	0	0
84015	1998	1	1	1	2	35631	0	0	0
84018	1998	0	0	0	0	156	0	0	0
84158	1998	0	0	0	0	0	0	0	0
84152	1998	0	0	0	0	0	0	0	0
84151	1998	0	0	0	0	0	0	0	0
84150	1998	0	0	2	0	0	0	0	0
84157	1998	0	0	0	0	0	0	0	0
84638	1998	0	0	0	0	0	0	0	0
84639	1998	0	0	0	0	0	0	0	0
84632	1998	0	0	0	0	0	0	0	0
84633	1998	0	0	0	0	0	0	0	0
84630	1998	0	0	0	0	207	0	0	0
84631	1998	0	0	2	0	3930	0	0	0
84636	1998	0	0	0	0	0	0	0	0
84637	1998	0	0	0	0	0	0	0	0
84634	1998	1	1	5	2	1323	0	0	0
84635	1998	0	0	0	0	805	0	0	0
84337	1998	2	0	4	2	6617	0	0	0
84336	1998	0	0	0	0	1223	0	0	0
84335	1998	1	0	3	1	7597	0	0	0
84334	1998	0	0	0	0	0	0	0	0
84333	1998	0	0	0	0	2129	0	0	0
84332	1998	1	0	1	1	5072	0	0	0
84331	1998	0	0	0	0	267	0	0	0
84330	1998	0	0	0	0	299	0	0	0
84143	1998	4	1	45	5	0	0	0	0
84339	1998	0	0	0	0	3295	0	0	0
84338	1998	0	0	0	0	450	0	0	0
84701	1998	2	2	4	4	8400	0	0	0
84526	1998	0	0	0	0	3901	0	0	0
84525	1998	0	0	0	0	917	0	0	0
84522	1998	0	0	0	0	0	0	0	0
84523	1998	1	0	1	1	2339	0	0	0
84520	1998	1	1	0	2	1628	0	0	0
84521	1998	0	0	0	0	0	0	0	0
84148	1998	20	5	35	25	0	0	0	0
84528	1998	0	0	0	0	7147	0	0	0
84529	1998	0	0	0	0	0	0	0	0
84201	1998	0	0	1	0	0	0	0	0
84119	1998	11	5	28	16	38582	0	0	0
84118	1998	4	6	10	10	55926	0	0	0
84117	1998	10	1	28	11	22181	0	0	0
84116	1998	3	1	4	4	23376	0	0	0
84115	1998	10	1	10	11	21427	0	0	0
84114	1998	1	0	3	1	0	0	0	0
84113	1998	29	2	59	31	1189	0	0	0
84112	1998	12	0	21	12	29	0	0	0
84111	1998	11	2	14	13	8263	0	0	0
84110	1998	1	0	1	1	0	0	0	0
84742	1998	0	0	0	0	0	0	0	0
84743	1998	0	0	0	0	825	0	0	0
84740	1998	0	0	0	0	0	0	0	0
84741	1998	1	0	1	1	3955	0	0	0
84746	1998	0	0	0	0	0	0	0	0
84747	1998	0	0	0	0	987	0	0	0
84744	1998	0	0	0	0	0	0	0	0
84745	1998	0	0	0	0	2192	0	0	0
84749	1998	0	0	0	0	0	0	0	0
84180	1998	0	0	1	0	0	0	0	0
84069	1998	0	0	0	0	95	0	0	0
84068	1998	4	0	2	4	0	0	0	0
84184	1998	0	0	0	0	0	0	0	0
84063	1998	0	0	0	0	78	0	0	0
84189	1998	0	0	0	0	0	0	0	0
84061	1998	0	0	0	0	778	0	0	0
84060	1998	3	0	8	3	4522	0	0	0
84067	1998	2	1	7	3	25996	0	0	0
84066	1998	2	1	6	3	6849	0	0	0
84065	1998	3	1	0	4	15094	0	0	0
84064	1998	0	1	2	1	682	0	0	0
84643	1998	0	0	0	0	0	0	0	0
84642	1998	0	0	0	0	3095	0	0	0
84640	1998	0	0	0	0	0	0	0	0
84647	1998	1	0	0	1	4979	0	0	0
84646	1998	0	0	0	0	0	0	0	0
84645	1998	0	0	0	0	838	0	0	0
84644	1998	0	0	0	0	0	0	0	0
84649	1998	0	0	0	0	0	0	0	0
84648	1998	3	0	5	3	4188	0	0	0
84244	1998	0	0	0	0	0	0	0	0
84414	1998	3	0	7	3	15457	0	0	0
84415	1998	0	0	0	0	0	0	0	0
84412	1998	0	0	0	0	0	0	0	0
84144	1998	0	0	0	0	0	0	0	0
84145	1998	0	0	0	0	0	0	0	0
84147	1998	0	0	2	0	0	0	0	0
84141	1998	0	0	0	0	0	0	0	0
84029	1998	1	0	0	1	4697	0	0	0
84028	1998	0	0	0	0	254	0	0	0
84027	1998	0	0	1	0	0	0	0	0
84026	1998	1	0	1	1	1633	0	0	0
84025	1998	5	1	2	6	9494	0	0	0
84024	1998	0	0	0	0	0	0	0	0
84023	1998	0	0	0	0	174	0	0	0
84022	1998	0	0	1	0	1871	0	0	0
84021	1998	0	1	0	1	770	0	0	0
84020	1998	2	1	6	3	7257	0	0	0
84320	1998	0	0	0	0	1867	0	0	0
84321	1998	4	2	32	6	26587	0	0	0
84322	1998	0	0	1	0	367	0	0	0
84323	1998	0	0	0	0	0	0	0	0
84324	1998	0	0	0	0	715	0	0	0
84325	1998	0	0	0	0	1033	0	0	0
84326	1998	0	0	0	0	0	0	0	0
84327	1998	0	0	0	0	0	0	0	0
84328	1998	0	0	0	0	916	0	0	0
84329	1998	0	0	0	0	281	0	0	0
84739	1998	0	0	0	0	289	0	0	0
84738	1998	0	0	1	0	1632	0	0	0
84733	1998	0	0	0	0	0	0	0	0
84732	1998	0	0	0	0	0	0	0	0
84731	1998	0	0	0	0	116	0	0	0
84730	1998	0	0	0	0	0	0	0	0
84737	1998	0	2	2	2	6868	0	0	0
84736	1998	0	0	0	0	0	0	0	0
84735	1998	1	0	0	1	0	0	0	0
84734	1998	0	0	0	0	594	0	0	0
84513	1998	1	2	1	3	0	0	0	0
84512	1998	0	0	0	0	0	0	0	0
84511	1998	0	1	0	1	4408	0	0	0
84510	1998	0	0	0	0	3506	0	0	0
84516	1998	0	0	0	0	0	0	0	0
84515	1998	0	0	0	0	0	0	0	0
84518	1998	0	0	0	0	0	0	0	0
84062	1998	3	0	5	3	14986	0	0	0
84606	1998	4	0	4	4	24016	0	0	0
84605	1998	1	0	2	1	0	0	0	0
84604	1998	16	4	94	20	43050	0	0	0
84603	1998	3	0	5	3	0	0	0	0
84602	1998	5	0	8	5	335	0	0	0
84601	1998	6	1	20	7	20017	0	0	0
84108	1998	5	2	24	7	20078	0	0	0
84109	1998	7	3	11	10	24003	0	0	0
84101	1998	2	1	1	3	2474	0	0	0
84102	1998	17	2	143	19	15380	0	0	0
84103	1998	21	5	72	26	22303	0	0	0
84104	1998	7	1	3	8	16918	0	0	0
84105	1998	9	0	20	9	22016	0	0	0
84106	1998	7	0	6	7	30430	0	0	0
84107	1998	14	3	117	17	28392	0	0	0
84089	1998	0	0	0	0	0	0	0	0
84088	1998	12	2	29	14	19332	0	0	0
84081	1998	0	0	0	0	0	0	0	0
84080	1998	0	0	0	0	200	0	0	0
84083	1998	0	0	0	0	1807	0	0	0
84082	1998	1	0	0	1	469	0	0	0
84085	1998	0	0	0	0	858	0	0	0
84084	1998	2	0	2	2	36402	0	0	0
84087	1998	0	0	0	0	8875	0	0	0
84086	1998	0	0	0	0	359	0	0	0
84074	1998	5	2	6	7	17632	0	0	0
84075	1998	0	0	1	0	4553	0	0	0
84076	1998	0	0	0	0	363	0	0	0
84070	1998	1	0	5	1	18786	0	0	0
84071	1998	0	0	0	0	490	0	0	0
84072	1998	0	0	0	0	471	0	0	0
84073	1998	0	0	0	0	1711	0	0	0
84776	1998	0	0	0	0	0	0	0	0
84775	1998	0	0	0	0	434	0	0	0
84774	1998	0	0	0	0	0	0	0	0
84773	1998	0	0	0	0	430	0	0	0
84079	1998	0	0	0	0	0	0	0	0
84771	1998	0	0	0	0	0	0	0	0
84770	1998	3	3	38	6	19738	0	0	0
84171	1998	0	0	0	0	0	0	0	0
84170	1998	1	0	0	1	0	0	0	0
84791	1998	0	0	0	0	0	0	0	0
84790	1998	7	1	11	8	9507	0	0	0
84654	1998	1	0	0	1	3728	0	0	0
84655	1998	0	0	0	0	3637	0	0	0
84656	1998	0	0	0	0	0	0	0	0
84657	1998	0	0	1	0	0	0	0	0
84651	1998	8	1	16	9	12406	0	0	0
84652	1998	0	0	0	0	0	0	0	0
84653	1998	1	0	1	1	3445	0	0	0
84319	1998	0	0	2	0	5228	0	0	0
84318	1998	0	0	0	0	2217	0	0	0
84311	1998	0	0	0	0	752	0	0	0
84310	1998	0	0	2	0	1885	0	0	0
84313	1998	0	0	1	0	124	0	0	0
84312	1998	1	0	1	1	2695	0	0	0
84315	1998	0	0	0	0	4545	0	0	0
84314	1998	0	0	0	0	2184	0	0	0
84317	1998	0	0	0	0	2062	0	0	0
84316	1998	0	0	0	0	0	0	0	0
84131	1998	0	0	2	0	0	0	0	0
84039	1998	0	0	0	0	362	0	0	0
84133	1998	1	0	0	1	0	0	0	0
84132	1998	27	7	200	34	0	0	0	0
84134	1998	0	0	0	0	0	0	0	0
84136	1998	0	0	0	0	0	0	0	0
84139	1998	0	0	0	0	0	0	0	0
84138	1998	0	0	0	0	0	0	0	0
84032	1998	3	1	2	4	7961	0	0	0
84033	1998	0	0	0	0	0	0	0	0
84034	1998	0	0	0	0	0	0	0	0
84035	1998	0	0	0	0	620	0	0	0
84036	1998	0	1	0	1	2545	0	0	0
84037	1998	0	0	9	0	18158	0	0	0
84724	1998	0	0	0	0	0	0	0	0
84725	1998	0	1	0	1	0	0	0	0
84726	1998	0	0	0	0	955	0	0	0
84720	1998	8	2	10	10	17392	0	0	0
84721	1998	0	0	0	0	0	0	0	0
84722	1998	0	0	0	0	1127	0	0	0
84723	1998	0	0	0	0	0	0	0	0
84728	1998	0	0	0	0	247	0	0	0
84729	1998	0	0	0	0	287	0	0	0
84049	1998	0	0	0	0	1661	0	0	0
84045	1998	0	0	0	0	0	0	0	0
84044	1998	5	0	3	5	16991	0	0	0
84047	1998	5	4	15	9	24360	0	0	0
84046	1998	0	0	0	0	516	0	0	0
84041	1998	9	5	52	14	26882	0	0	0
84040	1998	4	0	1	4	16501	0	0	0
84043	1998	0	0	0	0	9995	0	0	0
84042	1998	0	0	0	0	3817	0	0	0
84665	1998	0	0	0	0	0	0	0	0
84664	1998	0	0	1	0	3543	0	0	0
84667	1998	0	0	0	0	0	0	0	0
84660	1998	3	0	9	3	14462	0	0	0
84663	1998	3	1	3	4	14243	0	0	0
84662	1998	0	0	0	0	0	0	0	0
84501	1998	2	3	14	5	12761	0	0	0
84340	1998	1	0	0	1	1908	0	0	0
84341	1998	3	2	28	5	12510	0	0	0
84059	1998	0	0	0	0	0	0	0	0
84050	1998	1	0	1	1	5379	0	0	0
84008	1998	0	0	0	0	0	0	0	0
84038	1998	0	0	0	0	430	0	0	0
84098	1998	6	0	8	6	4454	0	0	0
84130	1998	0	0	0	0	0	0	0	0
84092	1998	4	0	5	4	25375	0	0	0
84093	1998	1	1	7	2	26084	0	0	0
84090	1998	0	0	0	0	0	0	0	0
84091	1998	0	0	0	0	0	0	0	0
84096	1998	0	0	1	0	0	0	0	0
84097	1998	2	1	2	3	18647	0	0	0
84094	1998	7	0	42	7	25902	0	0	0
84095	1998	0	0	2	0	12488	0	0	0
84001	1998	0	0	0	0	146	0	0	0
84003	1998	12	1	25	13	21927	0	0	0
84002	1998	0	0	0	0	10	0	0	0
84005	1998	0	0	0	0	0	0	0	0
84004	1998	0	0	3	0	3708	0	0	0
84007	1998	0	0	1	0	1443	0	0	0
84006	1998	0	0	0	0	640	0	0	0
84760	1998	0	0	0	0	354	0	0	0
84761	1998	2	0	1	2	1946	0	0	0
84762	1998	0	0	0	0	0	0	0	0
84763	1998	0	0	0	0	0	0	0	0
84764	1998	0	0	0	0	0	0	0	0
84765	1998	0	0	0	0	2331	0	0	0
84766	1998	0	0	0	0	19	0	0	0
84767	1998	0	0	0	0	0	0	0	0
84031	1998	0	0	0	0	54	0	0	0
84165	1998	0	0	0	0	0	0	0	0
