84629
84628
84774
84782
84783
84780
84781
84621
84620
84623
84622
84624
84627
84626
84013
84010
84017
84014
84015
84018
84662
860HH
84309
84719
84718
84302
84714
84717
84301
84306
84307
84304
84305
84642
84534
84537
84639
84531
84530
84533
84532
84632
84633
84630
84631
84539
84637
84634
84635
84733
84741
846XX
84337
84336
84335
84334
84333
84332
84029
84028
84027
84026
84025
84024
84023
84022
84339
84338
84540
84542
84776
84725
84701
84526
840XX
84525
84522
84523
84520
84521
84765
845HH
84414
84528
84529
84021
84020
84038
84321
84324
84325
84326
84327
84328
84329
84032
84033
84034
84035
84036
84037
84654
84739
84738
84655
841XX
84732
84731
84730
84737
84736
84735
84734
84513
84512
84511
84510
84516
84518
84097
84652
84653
84754
84724
840HH
84120
84121
84720
84757
84124
84723
84128
84728
84729
84606
84604
84049
844HH
84601
84758
841HH
84044
84047
84046
84041
84040
84043
84042
84664
84667
84660
84663
84088
84501
84638
84647
86044
84651
86514
84751
84750
84753
84752
84755
84645
84119
84118
84117
84116
84115
84749
84113
84112
84111
84340
84341
84056
84057
84054
84055
84052
84053
84050
84051
84648
84058
84123
84726
84649
84711
84715
847XX
84108
84109
84740
84716
84747
84744
84745
84101
84102
84103
84104
84105
84106
84107
84180
84722
84069
84713
84063
84062
84061
84060
84067
84066
84065
84064
84405
84404
84640
84401
84646
84403
846HH
84080
84083
84082
84085
84084
84087
84086
84536
847HH
843XX
84074
84075
84076
84070
84071
84072
84073
84712
84775
84779
84078
84772
84770
84759
843HH
84535
84320
84098
84790
84039
84092
84093
84656
84657
84650
84331
84094
84095
84743
84643
84636
84001
84003
84002
84710
84004
84007
84006
84760
84761
84762
84330
84764
84773
84766
84319
84318
84031
84311
84310
84313
84312
84315
84314
84317
84316
